Total Number of Vehicles /21/
Total Distance /1715.84/
Total ECVs /19/
Total ECVs Ditance /1533.39/
Total BSVs /2/
Total BSVs Distance /182.44/
Total Number of Swapping Services Requested /8.000000e+00/

ECV Routes:
0 12 76 81 79 3 68 0 
0 5 61 16 85 93 0 
0 63 11 19 90 32 70 0 
0 95 59 99 94 6 96 0 
0 42 14 44 112 91 100 58 0 
0 52 82 18 84 17 60 89 0 
0 21 73 75 118 56 4 0 
0 102 29 64 78 34 35 77 0 
0 69 30 51 9 50 1 0 
0 47 36 65 49 10 106 0 
0 116 23 67 119 25 0 
0 116 2 15 41 22 74 0 
0 87 57 43 115 0 
0 114 92 98 38 86 37 97 13 0 
0 33 105 71 66 20 0 
0 72 39 119 55 54 24 80 0 
0 83 45 111 8 46 48 0 
0 31 62 88 7 0 
0 27 28 53 40 26 0 

BSV Routes:
0 33 50 3 77 0 
0 36 19 84 37 0 
